RESULT :
Популяция 57: 
0. [8,96,255]
1. [112,96,157]
2. [96,100,147]
3. [96,224,151]
4. [97,100,191]
5. [97,96,19]
6. [100,96,155]
7. [101,112,255]
8. [97,112,147]
9. [101,99,217]
10. [40,108,147]
11. [100,97,159]
12. [96,100,147]
13. [104,108,147]
14. [97,112,191]
15. [100,97,159]
16. [96,100,153]
17. [96,112,146]
18. [105,112,155]
19. [48,226,255]
20. [108,240,147]
21. [104,108,191]
22. [96,100,159]
23. [228,101,159]
24. [97,96,147]
25. [96,100,155]
26. [96,100,189]
27. [97,64,155]
28. [100,230,187]
29. [33,112,191]
30. [104,112,255]
31. [97,100,191]
32. [97,112,191]
33. [96,97,159]
34. [97,96,191]
35. [96,224,151]
36. [48,226,159]
37. [97,112,251]
38. [96,100,147]
39. [104,100,154]
40. [104,100,189]
41. [96,112,159]
42. [100,97,159]
43. [104,100,191]
44. [97,96,191]
45. [97,116,191]
46. [96,100,157]
47. [97,112,191]
48. [32,100,147]
49. [96,112,31]
50. [100,96,155]
51. [224,100,191]
52. [100,100,223]
53. [72,96,251]
54. [97,100,191]
55. [101,96,147]
56. [40,100,147]
57. [97,102,191]
58. [96,36,153]
59. [96,112,146]
60. [49,112,255]
61. [98,112,157]
62. [97,116,157]
63. [72,112,159]
64. [105,100,145]
65. [64,240,255]
66. [96,100,217]
67. [97,115,155]
68. [48,112,159]
69. [96,97,157]
70. [104,108,147]
71. [96,112,137]
72. [32,97,191]
73. [97,112,191]
74. [104,100,145]
75. [96,228,191]
76. [96,100,191]
77. [104,100,147]
78. [105,112,251]
79. [104,108,151]
80. [104,112,159]
81. [72,96,253]
82. [97,112,157]
83. [104,113,157]
84. [96,96,159]
85. [33,116,159]
86. [97,100,147]
87. [96,115,217]
88. [101,96,157]
89. [96,112,191]
90. [96,228,145]
91. [96,97,157]
92. [72,96,255]
93. [97,112,255]
94. [99,112,191]
95. [33,102,191]
96. [96,112,191]
97. [33,102,157]
98. [104,108,131]
99. [104,100,191]
